0.3094
2.0321
2.0897
2.3005
2.5081
2.7339
2.9558
3.3107
3.5687
3.8256
4.0351
4.2347
4.3949
4.5477
4.6843
4.8401
5.0074
5.1534
5.3195
5.4882
5.6501
5.7039
5.8385
5.9948
6.1346
6.2887
6.4382
6.5676
6.7204
6.8545
7.0017
7.1489
7.2810
7.4157
7.5832
7.7306
7.8685
8.0279
8.1829
8.3179
8.4707
8.5952
8.7330
8.8585
8.9980
9.1418
9.2848
9.4269
9.5409
9.7705
9.8189
9.9604
10.3298
10.6955
10.8536
11.1047
11.3686
11.5313
11.6805
11.8518
12.0169
12.2321
12.3885
12.5684
12.7193
12.8571
12.9913
13.1689
13.2964
13.4549
13.7661
13.9706
14.1644
14.3343
14.5078
14.6768
15.0006
15.1830
15.3681
15.6758
15.8820
16.0974
16.2725
16.4953
16.7403
16.9460
17.1695
17.3189
17.4918
17.7339
17.9110
18.0885
18.2368
18.4262
18.6181
18.8175
19.0358
19.2240
19.5315
19.7426
19.9709
20.1292
20.3657
20.5387
20.7046
20.8702
21.0432
21.1845
21.3920
21.6153
21.8788
22.1307
22.3730
22.5906
22.7528
22.9150
23.0824
23.2410
23.4039
23.5765
23.7325
23.9573
24.1118
24.3330
24.6050
24.7895
24.8676
24.9969
25.4308
25.7032
26.0617
26.3063
26.4753
26.8210
27.0730
27.2869
27.5193
27.7834
27.9952
28.1650
28.3465
28.5208
28.7967
29.0024
29.3583
29.6846
30.0220
30.2140
30.3861
30.5378
30.8523
30.9970
31.1526
31.3056
31.4699
31.6167
31.7728
31.9827
32.5832
32.9253
33.1540
33.5377
33.7646
34.2826
34.6986
34.9292
35.1115
35.4707
35.7946
36.1974
36.3950
36.6165
36.7741
36.9385
37.1139
37.2880
37.6860
37.9968
38.1794
38.4104
38.5635
38.7945
39.0614
39.5384
39.8416
40.1971
40.5513
40.7721
41.0830
41.3576
41.5784
41.8042
42.0402
42.1872
42.3619
42.5334
42.8070
43.0229
43.1721
43.3661
43.5249
43.7382
43.9173
44.1855
44.5068
44.7531
44.9548
45.2694
45.5328
45.8673
46.1335
46.3765
46.5991
46.8928
47.1622
47.3887
47.5489
47.7181
47.9376
48.2312
48.4758
48.7438
50.0686
50.1234
50.4067
50.5675
50.7938
51.0292
51.2701
51.4679
51.8069
52.2332
52.3854
52.5191
52.6688
52.8215
52.9682
53.1393
53.3097
53.4666
53.6230
53.7805
53.9915
54.2323
54.5062
54.7318
54.9696
55.1402
55.4544
55.7485
56.1570
56.8167
56.8681
57.0521
57.3086
57.6134
58.8648
59.0417
59.3208
59.7869
60.2534
60.4010
60.5516
60.6979
60.8472
60.9974
61.1798
61.4365
61.4830
61.6150
61.8361
62.0258
62.1662
62.2989
62.4785
62.6341
62.7630
62.9143
63.1992
63.4302
63.5640
63.7159
63.8670
64.0800
64.2137
64.4123
64.5478
64.6836
64.8908
65.5127
65.6660
65.7991
65.9485
66.1235
66.2638
66.4149
66.5463
66.7088
67.0310
67.1809
67.3172
67.4852
67.6293
67.8522
67.9021
68.0329
68.3233
68.4660
68.5954
68.8018
69.0112
69.1492
69.3199
69.4449
69.6913
69.8635
70.2108
70.3651
70.5554
70.7525
70.9801
71.2309
71.4016
71.5477
71.8008
71.8507
72.0144
72.1509
72.2982
72.4936
72.6327
72.8028
72.9493
73.0814
73.2763
73.4186
73.6702
73.8638
73.9975
74.1478
74.3580
74.5475
74.6993
74.8318
75.0554
75.2267
75.3672
75.6866
75.8177
75.9626
76.1993
76.5674
76.7332
77.0146
77.1647
77.3315
77.4638
77.6150
77.8227
78.0045
78.2112
78.4128
78.7308
78.9347
79.2739
79.5516
79.9085
80.2013
80.4194
80.8097
80.9992
81.1941
81.3687
81.5474
81.7450
83.1921
83.6249
83.7934
84.0206
84.3362
84.5706
84.7157
85.0925
85.2824
85.4416
85.5846
85.8510
86.0212
86.0951
86.4638
87.0149
87.5839
88.4972
89.1023
89.2703
89.5668
89.8185
90.2151
91.5588
92.0509
92.4920
93.1050
93.3310
93.5635
94.0791
94.3865
94.5311
94.6645
94.8147
94.9678
95.1134
95.2129
95.5892
95.7128
95.8152
96.0943
96.4207
96.6952
96.9763
97.3045
97.6754
97.9607
98.2656
98.5475
98.8317
99.1272
99.4446
99.7472
100.0633
100.3815
101.1861
101.5536
101.6141
101.9835
102.1617
102.3767
102.6696
102.9643
103.3383
103.6523
103.9919
104.0475
104.2658
104.3643
104.8510
104.9953
105.2019
105.8526
106.6473
107.3823
109.1196
109.3455
109.7091
110.0791
110.4482
111.5721
112.3097
112.9806
113.9226
114.7815
115.7573
116.5547
117.4978
118.5202
119.4140
120.2226
121.0694
121.8725
122.5904
124.7115
125.3798
126.9048
127.9410
128.8959
129.6319
130.5141
131.1939
131.9925
132.7381
133.5426
134.8299
135.2315
136.8309
137.3235
137.4355
137.6122
138.1382