0.1317
0.3882
0.4413
0.7851
0.9886
1.1884
1.4532
1.7682
2.0269
2.1917
2.3894
2.5553
2.8473
2.9901
3.1402
3.2907
3.4353
3.5511
3.9543
4.2558
4.5994
5.8734
6.0925
6.2506
6.4109
6.5984
6.8789
7.0749
7.2472
7.4330
7.6423
7.8301
8.0528
8.2590
8.4219
8.6171
8.8774
9.0607
9.2549
9.3756
13.4701
14.3320
14.3890
14.6363
15.0706
15.2972
15.5918
15.7692
15.9428
16.2639
17.9961
18.1165
18.2928
18.5101
18.6629
18.8503
19.3327
19.5783
19.7845
20.0526
20.3182
20.4540
20.6023
20.7424
20.8859
21.0481
21.1869
21.3419
21.4919
21.6555
21.8084
21.9562
22.1225
22.2707
22.4195
22.5481
22.6891
22.8234
22.9703
23.1059
23.2526
23.4087
23.5466
23.6393
23.8685
23.9794
24.0328
24.3121
24.5952
24.8914
25.0288
25.0793
25.2059
25.3577
25.4765
25.6275
25.7603
25.9060
26.0504
26.1770
26.3070
26.4295
26.5572
26.6929
26.8260
26.9671
27.1004
27.2291
27.3593
27.4956
27.6249
27.7600
27.9138
28.0412
28.1587
28.2921
28.4078
28.5415
28.6580
28.7952
28.9236
29.0756
29.2123
29.3665
29.4907
29.6965
29.7527
29.8740
30.0062
30.1239
30.2560
30.3729
30.5073
30.6261
30.7572
30.8739
31.0100
31.1469
31.3462
31.4858
31.6160
31.7460
31.8719
31.9910
32.1335
32.2580
32.3901
32.5057
32.6411
32.7583
32.8896
33.0424
33.1736
33.2901
33.4259
33.5563
33.6949
33.8242
34.1262
34.3118
34.4449
34.5731
34.7109
34.8429
34.9745
35.0923
35.2245
35.3559
35.4945
35.6366
35.7829
35.9369
36.0735
36.2103
36.3411
36.4595
36.5894
36.7058
36.8425
36.9738
37.1152
37.2415
37.3588
37.4918
37.6229
37.7597
37.8906
38.0232
38.1576
38.3000
38.4408
38.5748
38.7190
38.9605
40.0295
40.7650
42.0745
42.9721
44.5620
45.6774
46.0417
46.4719
46.7137
46.9172
47.2190
47.4624
47.6360
47.7783
47.9854
48.1952
48.4004
48.7068
48.8455
49.0349
49.3100
49.5139
49.6779
49.8241
50.0191
50.1728
50.3498
50.5244
50.6837
50.8588
51.0158
51.1707
51.3617
51.5465
51.7107
51.8744
52.0344
52.1994
52.3683
52.5039
52.6824
52.8851
53.0957
53.2929
53.4887
53.6539
53.7210
53.8751
54.0394
54.1876
54.3556
54.5350
54.7023
54.8744
55.0401
55.3250
55.4865
55.6422
55.8160
56.0238
56.3020
56.5987
56.9273
57.1203
57.3903
57.6559
57.8684
58.0854
58.4887
58.9387
59.4022
59.7855
60.0169
60.4078
60.8957
61.0695
61.3308
61.6032
61.8848
62.0361
62.1688
62.3047
62.4521
62.6075
62.7525
62.9174
63.0514
63.2345
63.3845
63.5188
63.7268
63.8683
64.1012
64.2357
64.3851
64.5208
64.6694
64.8260
64.9710
65.1004
65.2508
65.3861
65.5363
65.6855
65.8182
65.9670
66.1030
66.2331
66.3714
66.6060
66.7510
66.9045
67.2686
67.4022
67.5530
67.7005
67.8333
67.9835
68.1182
68.2691
68.4192
68.5526
68.7020
68.8347
68.9868
69.1216
69.2710
69.4469
69.5863
69.7334
69.8699
70.0171
70.1529
70.3026
70.4337
70.5855
70.7336
70.8673
71.0234
71.1910
71.3453
71.4863
71.6186
71.7696
71.9021
72.0519
72.1872
72.3342
72.4871
72.6178
72.7677
72.9029
73.0536
73.1858
73.3351
73.4690
73.6011
73.7523
73.9189
74.0680
74.1993
74.5806
74.7642
74.9097
75.1481
75.3611
75.5032
75.6527
75.7865
75.9377
76.0852
76.2177
76.3687
76.5020
76.6522
76.7877
77.0674
77.2008
77.3532
77.5014
77.6358
77.7890
77.9186
78.0683
78.2032
78.3329
78.4676
78.6168
78.7685
79.0830
79.1843
79.4246
80.6487
81.5777
82.7759
83.2595
83.5976
83.8308
84.3587
84.9352
85.4009
85.6620
86.3345
86.6203
87.0634
88.8463
89.1973
89.6553
90.4277
91.3013
91.9089
92.5156
93.2841
93.6431
95.1793
95.4057
95.6077
95.8858
96.1041
96.3037
96.4777
96.7043
96.9991
97.1554
97.3951
97.7221
98.0847
98.4380
98.6103
99.0501
99.5108
99.8528
100.0780
100.3592
100.7141
101.0089
101.2174
101.4433
101.7693
102.0694
102.3030
102.6066
102.9100
103.1323
103.3320
103.6955
104.5320
104.7092
104.9176
105.2324
105.5416
105.7677
106.0710
106.5938
107.1988
107.6796
108.0419
108.2029
108.4115
108.7134
108.9500
109.0619
109.2605
109.5162
109.8161
110.1639
110.4334
110.8154
111.1111
111.2789
111.5261
111.8855
112.1943
112.5593
112.8535
113.1408
113.3867
113.5750
113.7721
114.2734
115.7276
115.7912
116.5856
116.9305
117.3876
117.7158
118.1006
118.4714
118.5570
118.9080
119.3972
119.6527
120.4993
121.1139
121.5354
122.0175
122.6330
122.8983
123.0339
123.3231
123.8099
123.9471
124.0859
124.2348
124.3806
124.5162
124.6662
124.8679
125.0157
125.1511
125.4448
125.5817
125.7194
125.8691
126.1020
126.3409
126.7726
127.0204
127.1676
127.2996
127.4490
127.6346
127.7824
127.9326
128.3034
128.4482
128.5877
128.7988
129.0014
129.1480
129.3014
129.5327
129.6140
129.6694
129.8334
130.0854
130.4691
130.7718
131.0013
131.1652
131.3303
131.4808
132.1575
132.3159
132.4667
132.6159
132.7687
132.9157
133.0882
133.3872
133.8637
134.0161
134.1694
134.3336
134.5856
134.7330
135.0542
135.2820
135.4780
135.6339
135.9270
136.1170