0.0859
0.5216
0.5806
0.7177
0.8779
1.0163
1.1628
1.3503
1.5006
1.6435
1.7698
1.9008
2.0341
2.1721
2.3332
2.5262
2.7597
2.8439
3.1121
3.2704
3.4916
3.7665
3.9602
4.1455
4.5997
4.8448
4.9934
5.1291
5.2760
5.4269
5.5796
5.7147
5.8822
6.0267
6.1594
6.9375
7.2034
7.2672
7.5936
7.7936
7.9262
8.0772
8.2102
8.3697
8.5108
8.6434
8.7947
8.9415
9.1461
9.2954
9.4627
9.6123
9.7450
9.8920
10.0277
10.1822
10.3277
10.4610
10.8616
11.0101
11.1594
11.3201
11.4769
11.6139
11.8399
11.9758
12.1079
12.2945
12.4452
12.7170
12.8784
13.0113
13.1995
13.4056
13.7482
13.9650
14.1098
14.4214
14.6593
15.2349
15.3762
15.5133
15.9144
16.0627
16.2682
16.6230
16.7612
16.8954
17.0443
17.4625
17.6089
17.7632
17.9741
18.1100
18.2983
18.4499
18.5952
18.7231
18.8627
18.9905
19.1457
19.3624
19.4954
19.7096
20.1202
20.3027
20.5689
20.7292
20.8595
21.0710
21.2128
21.5456
21.7207
22.1063
22.2669
22.4223
22.5632
23.1028
23.2589
23.4099
23.5431
23.6929
23.9069
24.0445
24.2108
24.5735
24.8294
24.9774
25.5977
26.0621
26.2138
26.6294
26.7769
27.2751
27.7445
27.8937
28.0328
28.2262
28.7848
29.3190
29.4598
29.7974
30.8052
31.1861
31.6046
31.7430
31.8959
32.1197
32.2632
32.4237
33.0152
33.3110
33.8454
33.9864
34.1302
34.2793
34.6352
34.8298
34.9965
35.1274
35.2747
35.4259
35.5639
35.7129
36.1142
36.2744
36.4276
36.5954
36.7555
36.8927
37.0257
37.2355
37.3753
37.5118
37.6537
37.8098
37.9572
38.0957
38.5070
38.7403
38.8958
39.0464
39.2409
39.3959
39.5245
39.6788
39.8321
39.9771
40.1284
40.4165
40.5609
40.7108
40.8613
40.9974
41.1497
41.2921
41.8078
42.1501
42.2143
42.3621
42.5161
42.6576
42.8358
42.9785
43.1099
43.3013
43.4435
43.5812
43.7290
43.8759
44.1075
44.2612
44.4086
44.5406
44.6924
44.8817
45.0261
45.1639
45.3354
45.4824
45.6344
45.7742
45.9283
46.0760
46.2107
46.3684
46.5098
46.7927
47.0494
47.1952
47.3439
47.4941
47.6257
47.7752
47.9292
48.0590
48.2096
48.3446
48.4920
48.6412
48.7767
48.9266
49.0757
49.2123
49.3672
49.5194
49.6741
49.8107
49.9764
50.1247
50.2570
50.4079
50.5431
50.8264
50.8903
51.1953
51.2423
51.9500
52.3681
52.7233
53.1816
53.2480
53.4874
53.6355
53.7758
53.9271
54.0751
54.2129
54.3608
54.4934
54.7467
54.9786
55.1118
55.2587
55.3897
55.5470
55.6969
55.8520
56.2140
56.3577
56.5091
56.7502
56.9440
57.0863
57.2281
57.3689
57.5408
57.8698
58.0251
58.3663
58.5061
58.7834
58.9019
59.0637
59.2109
59.3456
59.4901
59.6266
59.9695
60.1672
60.4430
60.5908
60.7263
60.8723
61.1453
61.3106
61.4586
61.5898
61.7932
62.0409
62.2813
62.3513
62.6097
62.7591
62.9108
63.0597
63.3802
63.5101
63.6584
63.8396
63.9993
64.1431
64.3462
64.5066
64.7347
64.8776
65.0345
65.3280
65.4971
65.6450
65.7740
65.9338
66.0967
66.2420
66.4157
66.6067
66.7432
67.0579
67.2458
67.3957
67.6446
67.7909
67.9406
68.0750
68.3820
68.5582
68.7745
68.9256
69.0596
69.3341
69.5148
69.6598
69.8778
70.0302
70.2455
70.3921
70.5269
70.8047
71.0715
71.3264
71.5467
71.5912
71.7766
72.1103
72.3943
72.7384
73.0155
73.2323
73.4351
73.6563
73.9389
74.3173
74.6947
74.9377
75.2341
75.5999
75.8589
76.1400
76.3725
76.5402
76.7039
76.9657
77.3596
79.2263
79.9029
80.8692
81.6371
82.2870
84.6373
84.7047
87.7168
88.7454
89.5307
90.7394
91.6872
92.5587
94.2232
94.9329
95.6814
96.0404
97.9963
99.0892
99.8557
100.5915
101.2454
101.6984
102.7984
102.9779
103.0343
103.4078
103.9715
104.6070
104.8529
104.9073
105.2998
105.4685
105.6327
105.9307
106.2229
106.5056
106.8570
107.1357
107.5386
107.8370
108.1316
108.4218
108.7201
109.0141
109.2887
109.5705
109.9508
110.2371
110.5225
110.8065
111.0897
111.3886
111.6912
111.9729
112.2614
112.5387
112.5916
112.8074
112.9915
113.0734
113.1998
114.0513
114.5532
115.1881
115.6730
117.7853
118.2883
119.4596
119.7076
120.7221
122.0672
122.2521
122.3921
122.7449
122.9648
123.1066
123.1586
123.3072
123.7929
123.9275
124.6584
124.8221
125.3253
125.4754
125.6351
125.7976
126.0090
126.3219
126.4753
126.9345
127.8196
128.1795
128.3272
128.3881
128.5529
128.8719
129.4910
129.8702
130.9582
131.1123
131.2571
131.4070
131.6762
131.8067
131.9602
132.2895
132.4472
133.3734
133.5396
134.3323
134.5711
134.7205
135.0869
135.2373
135.5257
136.0564
136.2765
136.6678
136.9178
137.1846
137.3233
137.4702
137.6097
137.7572
138.3873
138.8893
139.1603
139.3066
139.6681
139.8077
139.9915
140.1405
140.4799
140.6259
140.9078
141.0917
141.2282
141.3720
141.6771
141.8738
142.0092
142.2674
142.4286
142.5746
142.8094
142.9553
143.0379
143.1733
143.3951
143.5374
143.6983
143.9037
144.2207
144.3731
144.5230
144.6719
144.8214
144.9579
145.1159
145.2585
145.4072
145.5562
145.7127
145.8643
146.0116
146.1588
146.3095
146.4642
146.6091
146.7639
146.9524
147.7345
148.2297
148.4053
148.5635
148.8094
148.8746
149.0334
149.2190
149.7030
149.8464
149.9905
150.4803
150.7330
150.8730
151.0281
151.7189
152.1530
152.4021
152.8071
153.4320
153.7788
154.3089
154.5560
154.6099
154.7582
155.3053
155.4657
155.6071
155.7613
155.9086
156.4481
156.7729
156.9258
157.0767
157.2226
157.7878
158.1029
158.2403
158.4076
158.8702
159.2820
159.8047
160.7661
161.0235
161.0923
161.4208
161.5714
161.7245
161.8736
163.2354
163.7425
163.9514
164.6826
164.8222
164.9697
166.0635
166.2056
166.3529
167.2806
168.2492
168.4955
169.8046
171.6874
171.8046
174.0193
174.0715
178.4705
179.2154
179.3536
179.8147
179.8723
180.0065
180.4859
180.8390
181.3335
181.4934
181.6363
181.7685
181.9793
182.1777
182.7183
182.8565
183.0042
183.1736
183.3246
183.5048
183.6536
183.7947
183.9465
184.0896
184.1727
184.4386
184.4891
184.6339
184.7711
184.9018
185.0538
185.1896
185.3358
185.4907
185.6748
185.8206
186.7298
187.4550
187.6055
187.7537
188.0879
188.9635
189.1047
189.2545
189.4023
189.5414
189.7132
190.3975
190.5351
190.6876
190.8377
190.9744
191.1214
191.2878
191.4377
191.5837
191.7360
191.8869
192.0370
192.1969
192.3413
192.5065
192.6905
192.8381
193.0101
193.1535
193.2890
193.4343
193.5751
193.7201
194.3314
194.4722
194.6203
194.7698
194.9312
195.0705
195.2021
195.3554
195.5077
195.6569
195.9576
196.1033
196.2466
196.3860
196.5211
196.6706
196.8260
197.3056
199.6217
199.6718
199.8022
199.9569
200.0881
200.3546
200.5986
201.2520
201.6034
202.2266
202.3698
202.6506
202.8025
202.9361
203.1924
203.3478
203.4359
203.6588
204.1629
204.2287
204.3706
204.5225
204.6871
205.0874
205.5147
205.8407
205.8880
206.1826
206.5115
206.9276
207.2099
207.3597
207.7382
208.1899
208.4194
208.7701
208.9162
209.0578
209.8292
209.9732
210.1181
210.2882
210.7319
210.8905
211.4879
211.6343
212.0465
212.4402
212.5915
212.7434
212.8860
213.6838
214.3275
214.5643
214.9308
215.0843
215.2216
215.7616
215.9056
216.0600
216.2062
216.3687
216.5031
216.6510
216.7869
217.1295
217.2718
217.8081
217.9521
218.4001
218.5592
218.8456
219.1076
219.2519
219.4054
219.5524
219.6968
220.0399
220.4132
220.9654
221.1023
221.2318
221.5840
221.7732
222.4091
222.5499
222.7425
222.8850
223.0227
223.1664
223.3014
224.0412
224.1924
224.3379
224.4868
224.5715
224.6381
225.2833
226.4075
228.0625
229.2385
230.8398
231.8495
234.9839
257.3989
257.6961
257.9794
258.2638
258.5442
258.8331
259.1459
259.4380
259.5704
259.9543
260.0073
260.7700
261.0238
261.1289
262.2342
266.3387
266.9685
267.3665
269.4185
270.5571
271.4986
271.8519
271.9183
272.5637
274.4322
274.7546
276.9994
277.4023
277.4510
277.6661
278.0631
278.1293
278.4088
278.5966
279.2245
279.6034
279.7962
279.9793
280.1641
280.3515
280.5312
281.3078
281.5014
281.6808
282.0235
282.0827
282.3308
282.7654
282.8971
283.1334
283.2792
283.4135
283.5505
283.8533
283.9954
284.1480
284.2978
284.5612
284.6961
284.8452
284.9790
285.1351
285.6345
285.7798
286.1816
286.3318
286.4661
286.6498
286.7974
286.9370
287.0787
287.2153
287.3639
287.6061
287.7771
288.1356
288.3264
288.4676
288.6132
289.0951
289.2304
289.3931
289.5340
289.6899
289.8492
289.9847
290.1420
290.2790
290.4379
290.5902
290.7428
290.8820
291.0286
291.1619
291.2977
291.4317
291.5641
291.7187
291.8625
291.9957
292.6430
293.3820
293.8254
294.5937
294.9463
295.5939
296.1909
296.6404
297.3238
297.7084
298.1317
298.7479
299.5682
299.8443
300.1222
300.5138
300.8104
301.5004
302.0543
302.5092
302.8483
303.1245
303.7886
304.2199
304.5233
305.0233
305.7605
306.1017
306.2452
306.3829
306.5303
306.9280
307.0621
307.2110
307.3536
307.4950
307.6273
307.7624
307.8962
308.0470
308.1868
308.3415
308.5194
308.7480
308.8935
309.0445
309.1833
309.3146
309.4956
309.6272
309.7776
309.9364
310.0820
310.2814
310.4483
310.5958
310.7279
310.9426
311.1563
311.2977
311.4488
311.6298
311.8272
312.1864
312.3329
312.4821
312.9236
313.0784
313.2525
313.4003
313.6086
313.7459
313.8322
314.0757
314.4141
314.4861
314.8932
315.1516
315.4135
315.6720
315.8152
316.0170
316.2961
316.4298
316.6926
316.8481
317.0332
317.2953
317.5288
317.6643
317.8163
318.0104
318.1477
318.3806
318.5321
318.6470
326.6185
327.4380
328.0129
328.1965
328.4026
328.5761
328.8276
329.1609
329.3647
329.5420
329.7268
329.9275
330.1128
330.3310
330.3845
330.6133
330.7608
330.8952
331.0456
331.1788
331.3122
331.4627
331.5964
331.7448
331.8986
332.0317
332.1811
332.3290
332.4788
332.6194
332.7629
333.2323
333.3794
333.5148
333.7510
333.7985
333.9464
334.0796
334.2310
334.3793
334.5124
334.6624
334.8128
334.9626
335.0986
336.0119
336.2575
336.4049
336.5473
336.6944
336.9817
337.1123
337.3955
337.5489
337.6968
337.9614
338.3343
338.3858
338.6724
338.8987
339.0909
339.2914
339.4465
339.5967
339.7308
339.9026
340.0459
340.1796
340.3309
340.5467
340.7165
340.8619
340.9962
341.1469
341.2968
341.5019
341.6452
341.7800
341.9472
342.0994
342.2303
342.3803
342.5453
342.7147
342.8997
343.1168
343.2955
343.5508
343.7008
343.8482
343.9801
344.3025
345.0962
345.4786
345.7600
345.9665
346.2094
346.4903
348.6950
348.7460
349.0067
349.4677
352.1233
352.4208
352.7101
353.0170
353.3078
353.6581
353.9530
354.2112
354.4536
354.6237
354.7753
354.9282
355.3494
355.5147
355.6958
355.8957
356.1981
356.3637
356.6661
356.8980
356.9748
357.1519
357.5917
358.0606
358.2147
358.3827
358.5427
358.9051
359.0438
359.2036
359.3452
359.4957
359.6453
359.9713
360.2956
360.6195
361.0092
361.1670
361.3168
361.4801
361.6291
361.7784
362.1789
362.4559
362.6127
362.7824
363.0962
363.3181
363.5312
363.6974
363.9512
364.1896
364.3683
364.5292
364.7170
364.9212
365.2205