0.0702
0.3795
0.4488
0.6103
0.7676
0.9181
1.0818
1.2306
1.3809
1.5835
1.7292
1.9228
2.0802
2.2829
2.4198
2.5691
2.6961
3.0530
3.3454
3.4585
4.0577
4.9017
5.1576
5.5583
5.9395
6.2599
6.7369
6.9219
6.9882
7.1403
7.2981
7.4556
7.6095
7.7969
7.9919
8.2666
8.4181
8.5744
8.7331
8.8966
9.0533
9.2548
9.6225
9.8691
10.0359
10.2174
10.3825
10.5336
10.6823
10.8416
10.9974
11.1573
11.3326
11.5736
11.7512
11.9002
12.0498
12.1321
12.4068
12.5887
12.6625
12.8154
13.0249
13.1714
13.3371
13.4811
13.6226
13.7666
13.8972
14.0504
14.2025
14.3493
14.4986
14.6520
14.8127
15.0454
15.2189
15.5672
15.7217
15.8901
16.0570
16.2785
16.5286
16.7207
17.0255
17.2181
17.5097
17.7467
18.0800
18.3603
18.5978
18.8523
19.0393
19.2822
19.4726
19.7604
20.1378
20.2823
20.5711
20.7231
21.0484
21.3041
21.4764
21.6613
21.8037
21.9733
22.1510
22.3065
22.4821
22.6429
22.8315
23.0773
23.2989
23.4872
23.6611
23.8385
24.1848
24.4119
24.5790
24.8482
25.0735
25.2855
25.4778
25.7390
25.9194
26.0968
26.2570
26.6054
26.7663
26.9309
27.0830
27.2306
27.3939
27.5384
27.6977
27.8536
28.0819
28.3261
28.5337
28.9213
29.2749
29.4643
29.7019
29.8602
30.0505
30.2853
30.4657
30.6163
30.7699
30.9136
31.0728
31.2310
31.3821
31.5487
31.6992
31.8518
32.0380
32.2961
32.4517
32.5988
32.8183
33.1004
33.3100
33.5101
33.6909
33.8881
34.1176
34.3041
34.5149
34.7556
35.4609
37.0035
37.0777
37.2308
37.3779
37.5280
37.6831
37.8472
37.9967
38.1297
38.2827
38.4314
38.5807
38.7145
38.8633
39.0180
39.1647
39.3163
39.4650
39.6129
39.7665
39.9566
40.1181
40.2619
40.4140
40.5640
40.7244
40.8658
41.0157
41.1491
41.2978
41.4490
41.5317
41.7644
41.8156
41.9469
42.0961
42.2329
42.3810
42.5153
42.6637
42.8021
42.9447
43.1418
43.2802
43.4311
43.5802
43.7471
43.8969
44.0500
44.1957
44.3476
44.5007
44.6824
44.8292
44.9650
45.1155
45.2625
45.4191
45.5641
45.7159
45.8643
46.0177
46.1505
46.2948
46.4442
46.6003
46.7324
46.8798
47.0290
47.1791
47.3291
47.4639
47.6141
47.7642
48.0336
48.0952
48.2286
48.3774
48.5159
48.6654
48.8106
48.9627
49.1007
49.2445
49.4455
49.6975
49.8283
49.9819
50.1321
50.2775
50.4349
50.5826
50.7157
50.9137
51.0634
51.2157
51.4421
51.5958
51.7472
51.9792
52.2396
52.4762
52.8753
53.9887
54.5813
56.1385
56.5133
56.9119
57.0037
61.1138
61.4324
61.4784
61.6352
61.7830
61.9851
62.1940
62.4675
62.6347
63.0165
63.5984
64.3347
64.6442
65.0447
65.3866
65.7262
66.1691
67.6191
67.8034
68.1221
68.4493
68.7019
68.9211
69.2921
69.5264
69.7793
70.0933
70.3846
70.6558
71.0760
71.2854
71.4483
71.6037
71.7716
71.9128
72.0783
72.2402
72.4207
72.5687
72.8670
73.0343
73.1876
73.3766
73.5403
73.7464
73.9577
74.1385
74.3679
74.5724
74.7410
75.1841
75.2677
75.4552
75.7465
75.9632
76.1292
76.2991
76.4498
76.5885
76.7385
76.9023
77.0668
77.2592
77.4710
77.6580
77.8146
77.9632
78.1304
78.2855
78.4698
78.6518
78.9215
79.1011
79.4283
79.8161
79.9920
80.1361
80.3611
80.6926
81.0486
81.5532
81.9581
82.4757
82.6931
82.8895
83.1771
83.5083
83.9987
84.2725
84.4665
84.8742
85.1896
85.3662
85.5218
85.6790
85.8151
85.9964
86.1521
86.3214
86.5140
86.8294
86.9971
87.1870
87.3475
87.5096
87.6803
87.9138
88.2022
88.4957
88.8513
89.2274
90.0448
90.2593
90.4851
90.8008
91.0040
91.3095
91.4876
91.6762
91.8301
91.9799
92.1733
92.3858
92.5518
92.7430
93.7922
93.9785
94.1344
94.3211
94.5359
94.6918
94.8818
95.0537
95.2546
95.4154
95.6759
95.9795
96.5601
97.6822
98.1174
98.2498
98.4511
99.5331
99.7437
99.9672
100.3083
100.5693
100.8337
101.1108
101.3779
101.6368
101.8427
102.0662
102.2471
102.4910
102.8047
103.0335
103.3276
103.5452
103.7706
104.0247
104.6365
104.8410
105.0194
105.2252
105.3919
105.5977
105.8223
106.0357
106.3266
106.5572
106.8099
107.0110
107.2196
107.4516
107.6224
107.7965
107.9809
108.8575
109.1423
109.3653
109.7219
109.9373
110.2165
110.5025
110.7022
110.9119
111.0977
111.2983
111.4722
111.6495
111.8435
111.9836
112.1451
112.3283
112.5729
112.8386
113.2708
113.6797
113.9915
114.5190
114.8163
115.1170
115.5297
116.2983
116.4444
116.5936
116.7256
116.9603
117.1082
117.2812
117.4922
117.6448
117.7960
117.9440
118.0814
118.2290
118.3775
118.6319
118.8079
118.9606
119.1148
119.2601
119.4904
119.7034
119.9920
120.1272
120.3351
120.4775
120.8943
121.0501
121.3194
121.4590
121.5931
121.7461
121.9587
122.2589
122.4263
122.5833
122.7262
122.8823
123.0252
123.1624
123.3082
123.4448
123.5923
123.7863
123.9279
124.0800
124.2154
124.3581
124.5082
124.6418
124.7960
124.9466
125.0789
125.3254
125.4777
125.6087
125.7571
125.9441
126.0918
126.2448
126.3955
126.5439
126.7354
126.8748
127.0118
127.1600
127.2986
127.4421
127.6532
127.8121
127.9599
128.1000
128.2451
128.4301
128.5854
128.7764
128.9294
129.0636
129.3772
129.6693
129.8216
129.9803
130.1311
130.2407
130.3733
130.5253
130.6772
130.8275
130.9914
131.1501
131.3101
131.5242
131.6744
131.8270
131.9750
132.1261
132.4046
132.5526
132.7702
132.9256
133.0742
133.2775
133.5345
133.7372
133.9758
134.1350
134.3340
134.7213
134.8806
135.0261
135.3665
135.5323
135.6824
135.8581
136.0399
136.3550
136.5127
136.8366
137.0999